W_f: [[0.11760764 0.04449625 0.82376992 0.35864338 0.61685777 0.78618104]
 [0.54540175 0.50129509 0.01103428 0.18599054 0.41458581 0.66036068]
 [0.63349896 0.83667697 0.50139839 0.22429839 0.38216339 0.30458657]
 [0.03590395 0.35040599 0.58905193 0.64417753 0.7593502  0.03807678]
 [0.76940801 0.79766101 0.91518012 0.81459116 0.05791827 0.84611268]
 [0.6736076  0.56035688 0.21732893 0.48077816 0.48348375 0.23760336]]
U_f: [[0.6486398  0.4009212  0.23805904 0.01036077 0.24795524 0.50564688]
 [0.10846638 0.19916497 0.70475551 0.66046322 0.12261439 0.43119118]
 [0.60124867 0.11902666 0.07041473 0.99279761 0.32228354 0.04008522]
 [0.15708222 0.9552747  0.99727161 0.68695035 0.84475851 0.76264343]
 [0.67049514 0.38871161 0.10224179 0.43743293 0.20728137 0.69978764]
 [0.75299179 0.13732541 0.65955752 0.97274544 0.74128977 0.7208275 ]]
b_f: [0.84107405 0.03956355 0.05977427 0.5467916  0.21567188 0.64994805]
W_i: [[0.28977732 0.77677609 0.55713411 0.9571766  0.24632172 0.19483333]
 [0.61240963 0.86326494 0.00840572 0.51855621 0.52163407 0.26822774]
 [0.49779309 0.23283212 0.42484989 0.67949909 0.15416799 0.77508871]
 [0.75052581 0.281856   0.80637299 0.88986693 0.15384627 0.10819407]
 [0.09185195 0.28727626 0.38883175 0.46848212 0.53273434 0.30370359]
 [0.3537392  0.05471988 0.40817243 0.74886544 0.77880338 0.94631177]]
U_i: [[0.56764393 0.50083817 0.44167619 0.34166907 0.97288184 0.24634869]
 [0.32915511 0.50496186 0.49279287 0.46624252 0.14921063 0.69154449]
 [0.38019907 0.31516739 0.55912737 0.67050932 0.73310607 0.09304009]
 [0.41469957 0.60457227 0.25082047 0.88198066 0.50441693 0.62935456]
 [0.58834579 0.59290152 0.04996637 0.00398102 0.30112022 0.43933562]
 [0.76147857 0.71020478 0.4003783  0.70876372 0.57889259 0.0288392 ]]
b_i: [0.02383961 0.4415816  0.46658088 0.30949849 0.15616202 0.78564811]
W_o: [[0.5370918  0.11190011 0.27017506 0.61993258 0.7462664  0.02901603]
 [0.19160494 0.19982721 0.45076097 0.23342693 0.2576914  0.87514991]
 [0.06293478 0.68273817 0.74426647 0.5763958  0.60470578 0.46807737]
 [0.29390319 0.08493952 0.8061617  0.85665036 0.77385501 0.63420013]
 [0.97400004 0.45423257 0.43948997 0.10350564 0.4152383  0.55564194]
 [0.74013042 0.56064135 0.14945195 0.99521471 0.5804487  0.93946365]]
U_o: [[0.0095462  0.20708045 0.91912548 0.24630134 0.52130112 0.8017238 ]
 [0.78757581 0.35248768 0.20893817 0.25568243 0.51924611 0.04182222]
 [0.44366934 0.58662065 0.23783554 0.09365098 0.28126889 0.12295231]
 [0.93205377 0.95397491 0.85707129 0.43177234 0.50438175 0.69778883]
 [0.19452476 0.51593242 0.42580661 0.14632512 0.70034325 0.01319568]
 [0.94808946 0.34880421 0.99145033 0.02225655 0.63279294 0.01508766]]
b_o: [0.24926887 0.8481738  0.62633778 0.72602728 0.295765   0.86762154]
W_c: [[0.0888291  0.43340905 0.90887538 0.52603889 0.62439722 0.56926637]
 [0.93212153 0.59424614 0.93499566 0.4272737  0.85146308 0.54093151]
 [0.29734675 0.84175685 0.56868733 0.36718558 0.6347319  0.79839711]
 [0.47243751 0.144087   0.06856321 0.32305124 0.50284337 0.90999679]
 [0.61712625 0.9095489  0.69702242 0.42131271 0.83904672 0.91508008]
 [0.1174085  0.93301024 0.49554509 0.9078042  0.23633261 0.68077866]]
U_c: [[0.53228565 0.74359379 0.85233905 0.28528334 0.36313604 0.78782894]
 [0.03656253 0.42318559 0.110384   0.9588058  0.4238429  0.55052043]
 [0.53328713 0.70565156 0.99405153 0.80089025 0.82621239 0.04267205]
 [0.68693844 0.65215547 0.82247036 0.16203234 0.21784486 0.34420836]
 [0.75663433 0.30247176 0.45524566 0.59588505 0.17409946 0.98630793]
 [0.50562942 0.72540424 0.77896537 0.16206471 0.25484277 0.35864489]]
b_c: [0.37872818 0.55009923 0.9460418  0.25091716 0.42122503 0.35692534]
W_out: [[0.15911478 0.18350845 0.49227682 0.73040666 0.08743009 0.96716925]
 [0.71363021 0.22867364 0.07163276 0.35466846 0.93187138 0.25304138]
 [0.1156399  0.34251911 0.8919015  0.359943   0.37127477 0.37787563]
 [0.06318789 0.23117288 0.39641892 0.0862176  0.32780521 0.21192451]
 [0.90508883 0.65908962 0.49516997 0.1756105  0.84458252 0.58455449]
 [0.88910123 0.863147   0.6850368  0.39721557 0.13397528 0.87738714]]
b_out: [0.01990134 0.71344376 0.7521066  0.77115913 0.14053229 0.52792755]